955
25
825
443
395
605
756
36
699
134
358
258
702
960
998
416
988
492
453
752
631
256
227
567
414
840
827
614
292
523
533
262
912
795
773
968
357
1
715
899
86
10
44
845
288
164
162
188
434
752
304
337
847
921
77
925
569
213
8
73
575
933
545
157
692
129
820
928
162
258
152
208
896
569
946
95
882
785
166
392
95
945
972
906
525
160
517
379
618
587
98
83
489
160
53
522
790
470
855
266
974
728
815
649
31
920
696
5
445
119
336
85
281
380
43
576
781
864
163
933
809
563
675
295
813
527
139
890
693
598
574
201
140
422
143
88
529
959
565
264
433
796
298
761
177
311
398
514
628
151
880
755
580
546
107
733
699
667
416
119
964
657
776
598
932
952
701
337
980
218
70
428
866
549
746
944
561
597
139
933
349
926
866
561
582
219
774
592
361
906
413
599
589
450
906
577
549
726
894
178
173
960
828
348
633
204
455
9
771
616
754
329
120
707
966
264
966
265
561
295
4
889
212
712
562
967
850
381
364
386
907
633
999
534
672
842
52
943
537
272
919
421
538
967
882
686
256
872
906
345
582
789
10
464
338
543
727
179
980
487
416
503
910
481
609
968
995
628
680
812
961
321
358
154
262
628
463
50
863
631
378
320
165
103
375
806
896
831
875
65
445
972
162
520
510
34
811
823
366
494
373
466
316
601
396
708
88
591
947
544
46
422
188
721
81
146
393
806
956
183
77
907
714
129
473
943
443
152
729
286
380
731
594
183
816
246
265
636
744
875
304
295
511
404
250
478
26
758
588
690
197
528
277
821
378
325
881
785
535
516
702
520
767
807
975
112
571
158
334
315
940
728
252
874
999
911
119
892
355
16
901
910
786
829
135
545
184
124
75
256
894
152
442
266
752
294
127
784
96
347
576
351
38
368
386
617
103
600
761
855
63
781
124
264
524
37
117
475
333
644
647
705
366
195
431
690
656
44
691
863
70
509
285
249
965
968
548
187
341
840
591
328
10
503
583
282
229
301
834
947
27
176
94
817
228
912
579
479
752
614
663
154
359
862
38
318
392
901
449
399
489
367
741
64
412
271
76
853
373
426
635
783
259
45
60
52
146
976
129
193
379
952
938
850
267
226
914
831
147
225
541
280
154
169
599
578
566
115
53
109
974
582
448
67
856
725
834
335
370
983
803
861
288
311
133
49
59
356
962
445
882
422
139
391
592
640
576
377
834
557
56
548
731
260
866
185
780
207
102
5
187
222
213
833
259
433
632
499
713
532
910
849
998
391
793
394
794
970
145
427
873
419
397
420
411
479
497
112
661
605
935
1
620
695
509
875
947
975
912
608
943
381
137
686
809
683
913
867
804
794
113
881
119
862
101
354
486
250
545
947
601
32
46
307
377
393
287
521
1
188
89
696
457
968
884
710
963
994
635
374
295
88
148
54
512
702
80
239
26
276
656
702
212
700
278
644
55
810
737
666
403
834
734
503
466
128
728
197
112
901
948
781
396
306
566
636
489
952
579
352
829
914
12
333
912
299
357
416
583
718
52
423
95
377
932
940
455
44
286
604
825
855
67
822
768
790
348
184
204
627
851
740
816
386
661
28
470
599
888
894
933
184
74
215
816
399
592
98
189
87
190
486
768
415
46
921
926
405
427
825
14
795
98
851
663
232
121
746
798
322
602
668
62
843
206
125
226
280
2
499
977
892
300
653
111
741
663
255
817
433
213
248
213
881
650
411
692
19
211
2
994
252
850
332
109
418
560
497
248
127
645
603
189
701
168
581
205
335
535
70
643
729
369
915
9
218
406
552
8
301
147
898
641
603
355
430
858
488
360
782
680
946
255
564
12
933
758
74
497
25
488
255
939
108
843
540
757
844
514
199
885
825
879
418
345
630
205
647
427
515
598
639
58
75
128
234
466
27
409
176
701
209
185
155
895
989
148
813
443
561
306
692
408
991
687
955
531
494
104
254
222
106
935
280
748
853
678
413
671
520
48
329
218
340
991
637
932
300
883
370
412
233
483
673
354
560
18
107
489
377
862
795
137
540
857
74
318
556
254
364
351
383
661
790
799
669
106
411
532
614
518
21
349
337
551
211
338
607
574
701
666
846
154
37
5
536
75
388
134
566
191
557
601
602
10
287
472
235
920
594
304
551
420
221
515
767
506
183
191
737
662
93
211
468
503
154
297
272
179
694
218
799
124
684
903
13
589
928
704
97
657
531
316
417
132
792
224
884
763
903
607
537
776
690
765
672
540
176
74
660
