9289
838
443
3495
7085
6017
3044
3602
8464
7178
9884
8562
9901
2495
9870
6784
9617
2525
4523
5082
3060
156
1130
5187
4217
4193
3861
9167
2507
5793
5153
8480
8872
4953
2350
4527
8826
5023
2708
9519
4682
6848
3184
5223
3950
535
150
3735
6002
2088
8151
8807
4479
4171
6136
8454
8649
5148
4204
9570
2922
8180
3851
3126
107
2651
9932
4121
611
3508
3131
3941
6748
149
7570
4026
8624
5475
9407
8801
5625
7401
8732
2745
5456
9679
8895
1140
870
6251
4527
6569
2775
3492
1922
3549
7233
7704
3214
1810
3010
994
8829
4702
5810
7299
1069
2948
5095
1694
5346
5543
9486
397
4623
8983
7129
5892
6857
3219
8144
1457
4939
7698
7266
2042
3477
3741
6175
3937
7086
73
6602
3944
344
6831
7323
9882
484
9574
368
8149
52
8955
4416
840
8269
3540
6201
4397
6624
3000
4004
4179
6361
6396
794
4464
2953
5582
8463
1412
5381
6925
8707
7255
6121
5452
594
7651
1093
4310
9636
499
7504
8995
8249
3761
1532
195
2914
1900
7082
1274
9038
5339
1477
6464
556
5092
3874
3611
7650
5110
7443
997
2609
8252
6898
1185
817
7842
8845
6096
1127
5717
3584
6606
7483
9385
3507
6832
1529
5468
5040
7964
4185
3934
8176
9034
2655
7822
108
2307
8222
6109
7201
9135
9291
3182
2588
8046
3621
6971
5057
618
3468
9215
8585
2243
7449
5565
850
4277
3305
279
3363
1278
6520
83
5501
2026
700
4484
9627
5858
7021
5268
4742
6478
1658
6212
1664
3847
2102
5151
3611
1023
5530
4460
2226
6897
4976
2713
595
7633
1976
9859
1603
9359
7551
589
2098
2116
6914
5714
770
441
7155
9412
379
9052
1267
917
3044
3097
6376
2891
652
1130
8785
5096
1154
5622
3558
1231
5482
119
1732
8833
9141
4431
4006
6994
7162
9195
5732
4317
999
8993
4419
6
1231
8856
7559
4279
478
2402
5606
406
6787
1144
2158
9560
8961
3562
1017
1447
1772
9410
7694
8163
816
9458
1125
6138
3884
3334
9909
1142
8160
8493
6206
4342
288
1448
9583
3179
9430
8366
2557
9421
1779
5868
9383
8203
8689
4471
9674
6039
9577
6472
8896
2896
5062
7284
8452
3212
5399
4246
9119
3446
4243
9730
2929
9221
7985
6038
225
3390
6463
7992
626
7483
1746
5417
8855
2907
7841
1745
9010
4973
5678
6901
3761
2407
4543
2293
8125
7315
3231
3251
1066
5768
1645
9586
1930
7132
6278
8068
2941
1074
1123
1579
3390
4761
8857
8428
5982
9208
5892
1941
836
2933
8846
4763
8081
3143
9286
4553
5668
9515
8246
7735
5077
3295
1921
5802
3903
4935
5213
4310
978
6776
329
8126
6641
3358
3531
7778
8040
912
4299
808
6955
9249
7668
8928
5495
3868
2319
6469
3280
3401
4091
8115
8216
7731
7054
4263
1806
5042
1997
444
9112
1913
5250
3232
2933
9114
9135
8793
1529
7215
9007
1808
9332
336
867
1911
468
3405
7802
1932
5630
8142
3148
7305
3881
5669
3207
8767
2275
9099
2573
1151
7866
7777
697
9494
8621
5914
9177
9960
2022
2322
5464
7146
2759
4619
125
1207
3767
883
1664
7971
8142
4041
4978
2671
2908
9456
6988
3304
9546
4169
5693
2703
248
7019
7000
9410
3399
2497
7009
6145
6522
7567
6127
1288
17
9966
5404
3132
446
8479
4737
8902
7791
596
7272
503
7179
568
4207
6828
1868
1410
9486
8045
973
7653
4402
778
2346
1757
8018
4301
8311
6031
473
6996
9548
3622
2769
9161
314
6664
8392
2981
6394
7052
9290
2972
5719
5471
1135
535
415
7262
535
4388
8194
9543
9936
4597
462
2555
4329
1682
4309
9661
7510
3845
5619
4641
4714
4761
925
1944
2672
1550
6396
5462
7819
7594
3304
3997
8268
7638
711
7123
5445
3292
7731
3399
6814
5465
9712
4023
1999
6556
4927
8892
783
9254
985
8812
2975
734
3048
7109
6929
691
9168
6241
5613
9194
1565
212
6581
5643
6536
1533
4919
3260
9799
2274
6310
4486
8569
2373
716
1421
6414
4760
5889
2009
2058
6098
3864
7054
8650
3970
2955
5375
5792
6220
2340
4368
2589
5783
6292
1121
6351
4860
330
4820
8236
5554
2144
4662
4048
199
5995
8714
5719
3530
482
8286
6573
562
6081
9203
1372
8613
621
6112
356
9210
8035
8446
5021
5846
8120
6987
2207
6472
2788
8119
2232
5454
7371
8798
6257
8290
3873
9023
7839
3805
6787
182
3754
2803
1042
7010
9511
9133
6009
8103
5743
9053
9042
4956
2673
7380
7046
2274
1164
4428
4720
3003
558
6014
3760
9902
5427
9929
8114
1804
5674
6155
6604
6737
6978
4882
5701
5989
1492
5884
2047
2890
1922
5179
6464
7584
5623
73
8572
4410
9209
1654
3936
1612
8291
4589
3682
4087
1461
7707
9896
8593
2382
5228
8826
7458
8943
7762
7869
1177
3855
4223
1648
2503
6739
664
7108
4642
3821
9690
7479
3990
7669
4627
206
3466
6051
5848
4496
5966
5975
2827
17
8715
6229
4375
9441
8348
9333
1230
4040
3472
1728
9753
3336
6115
9211
2786
6934
6025
3190
3946
9091
2055
2126
4557
4327
3048
1718
8262
5430
6558
6832
6907
3587
7501
7947
2764
4045
429
4985
6337
9710
8469
1804
6066
9389
9191
5313
6085
7002
2677
4232
870
3030
9864
3837
1067
9701
9902
4671
3105
6970
3686
5191
6292
7228
7001
584
5005
2853
768
2555
324
2204
7801
7826
4987
6471
5138
6269
7911
1919
8555
3131
9679
9479
1172
3649
8374
6403
1209
2509
5944
2740
4878
5042
8858
8769
9193
1859
3264
8206
6002
3682
4057
5991
2974
8561
9324
8766
9453
9349
6492
788
5088
5353
4144
7942
7006
8411
3974
7756
6884
285
633
3891
2765
5253
3320
9445
1699
9015
1886
4584
8363
2656
1955
514
1708
8276
8103
3611
6378
1150
1481
650
8145
1757
8462
8501
2937
9894
9820
9401
7160
2229
5809
5984
2986
4103
1035
8595
5999
6174
4509
1113
4207
6584
4427
507
6771
9724
4318
9637
8048
3398
7019
2439
7494
7191
5621
5577
8857
6208
6008
871
2677
5984
3885
8376
4584
6333
314
856
8141
4188
3689
6574
5033
8055
2799
8819
7320
9616
5176
7397
6140
1230
7286
9422
8765
1600
8273
4191
1257
5714
6953
9662
7068
9325
2544
6101
2909
2676
3224
5863
1953
2994
3017
6917
1014
308
6747
1736
2739
6603
4836
2504
6026
3989
4564
8151
7915
3626
2101
8724
7998
3443
75
7806
2050
9396
8736
4259
5018
1909
4899
447
4761
6467
1736
5267
7020
4894
4230
6805
8973
1751
9658
1266
3423
8518
9788
1908
8190
6716
1690
4173
5589
9
6979
943
5009
4434
5166
4899
7573
5385
5343
3329
5597
9776
1863
4435
1144
1846
3920
3153
7371
1526
5944
8820
3541
4942
5608
6653
9588
7721
8893
9914
8963
3031
7136
9895
9089
7998
9294
6404
7247
4079
3736
2319
5915
9232
7806
1930
5726
2345
133
4312
6021
3264
185
9765
2736
4971
1940
9472
821
8005
3703
5964
3749
1041
4067
4735
5782
5700
4827
5377
3616
8128
5246
4015
2801
4647
8486
7462
880
3881
264
3540
3588
3156
1802
1302
2659
2680
4026
9523
3778
7041
7623
1735
1053
9906
4023
1360
11
4430
5713
1022
4568
8872
329
5998
4689
4186
1952
2961
519
7927
4715
1644
5652
6725
8392
8863
6907
7806
2991
1484
490
8521
9529
7297
4727
1744
7166
567
7723
4086
2634
2032
4198
3393
6541
1528
9571
1718
2504
5079
881
96
9329
7300
3547
1803
3474
4248
174
1539
8897
1498
2590
8957
4048
7138
1150
6333
1251
9621
5973
1804
2004
5975
3210
1559
2843
6746
5713
6673
311
205
1552
2815
320
9881
5698
4010
6728
6261
9900
4811
6303
5626
3277
8784
2421
6424
1497
5038
7809
6327
5515
8683
7457
1174
1817
5564
6404
367
4863
6393
3527
1969
8994
488
1705
4771
1460
4734
6743
3843
422
9088
2319
788
1781
5965
5872
9756
6522
7218
827
5608
5887
9020
3848
1097
5143
1969
1913
5878
7971
986
2915
1260
2569
7158
5237
1194
7451
1608
6261
1709
9623
9660
7163
8213
322
2093
1482
2434
3829
9145
7932
8569
3002
2028
3742
1238
1121
6242
3383
6237
3396
682
8965
8729
3067
6680
2835
2533
6399
1488
9919
8478
8087
1433
7220
9387
3575
996
553
4214
7646
5420
4069
4076
9233
6077
6411
8502
894
9800
8458
1070
7620
5683
1509
9800
3725
5384
1518
9154
8471
5935
4498
7313
743
7220
595
4498
635
9838
9480
5566
1105
2892
7685
2826
6003
5411
9326
3093
1718
9550
5220
6365
8462
8517
1847
2181
3760
7237
832
3728
5115
9188
1658
9055
1020
8534
5173
3386
9474
2727
3118
6438
1013
7069
9411
3917
8870
9386
2154
2896
2357
9930
1495
6675
792
8895
7358
5876
4390
1517
2786
9050
5400
8647
3194
7854
7497
8873
9172
8988
3911
6814
655
7515
5129
1036
3243
3925
5119
4191
3247
362
990
7450
6659
9808
4742
1061
8628
5688
7360
2973
4284
8366
4848
7851
8769
9308
3050
9517
4203
3287
3070
898
3977
3975
1942
6871
222
8471
3848
7082
8644
1893
5605
7732
5947
4032
6419
3645
9062
6236
5969
4492
2052
8194
6777
1954
6165
1095
6507
7818
827
5757
3343
6530
8538
1753
2940
9564
4620
6298
8554
3108
3557
9727
6906
5053
7258
7767
1117
2020
7007
9462
8592
2266
74
3643
6138
5705
4027
6109
6795
7987
6608
4313
2856
1618
6731
6299
7394
3427
2615
5839
2223
4338
6370
6324
3707
4384
462
1783
9034
3153
369
4638
4710
3460
9522
6240
5849
3928
7102
8094
9590
4390
6672
8756
8430
6528
3758
3836
9624
1016
3480
4294
4919
1593
5134
1247
835
5932
9204
3900
3480
2959
3734
879
3430
6372
1188
4248
5639
4498
3989
9782
6473
7338
6763
6723
5044
2686
5992
5126
8783
4541
3260
9197
3868
8674
6556
551
9534
2183
5217
6181
1591
6155
7985
2155
4517
3107
414
5492
3381
3821
7381
3522
6572
1373
8802
2130
7796
3687
1857
1720
1127
9789
953
2493
6050
9086
7498
8665
357
7438
5123
4633
7547
8613
2424
4794
1914
4736
4527
2679
8933
4812
6805
4420
720
6067
8939
6122
6371
8894
5187
4726
4792
2535
7196
7107
3284
5272
8968
2779
8576
9859
9740
1404
8276
2212
9388
7496
9767
8965
2768
1221
472
7374
3875
5969
8100
9307
8113
523
1998
9543
1103
6067
7069
7458
5442
6018
9818
341
2618
9727
2074
6007
5893
9477
1674
2197
1372
3845
956
302
8724
9556
3338
1375
27
8189
5397
3089
5108
3777
6917
7346
4376
2238
4180
9560
5645
3829
2415
2291
9733
5372
1753
7884
715
9870
7315
7024
644
7315
8115
2722
5261
1973
1367
2129
6771
8258
8452
1807
2112
9400
6339
5597
301
568
3552
8081
441
844
2943
745
2729
6489
4428
2474
8458
1333
9665
722
1365
8778
7159
4833
1952
3931
728
8374
8428
3649
6406
3045
2767
6925
2912
2771
8063
7978
8597
2911
3825
9635
3460
6174
9146
5157
8230
3786
9798
2545
3793
7740
4211
6520
3311
7539
5014
9884
6266
2746
7379
7761
8356
869
2732
5350
3681
8630
6608
2244
5979
3513
2342
4117
3805
1628
8141
5633
508
7390
3640
6811
3587
305
3490
8747
9625
4213
9737
3602
335
4765
1807
8060
2501
1617
2737
9087
9554
2828
3009
5754
5398
335
8760
1121
1684
6964
9486
3746
8225
7463
1428
9260
2464
8273
6760
8594
8013
3356
5414
993
4141
6309
5943
6708
7795
2189
4141
6407
7260
6013
3340
1769
1860
8724
8255
4462
5259
5574
5056
8777
864
6328
3950
6540
6583
1484
6952
1636
2770
3769
2775
5425
1573
9592
2809
3700
8098
841
6987
386
3818
3429
6042
3180
454
5348
7092
1518
8233
3615
2828
7843
5823
6495
644
9020
561
4614
6984
5898
6599
2213
3917
5551
5547
7644
9459
2499
8825
471
559
2355
3494
1023
7792
3774
3629
7105
3811
2297
7443
1736
3375
2788
6321
5200
1403
5481
5682
4529
6884
4365
9136
3579
4737
5627
6841
7290
4731
8171
6095
4417
6440
7849
7270
4043
1874
1985
966
2545
2899
1009
2943
9307
8856
9559
1792
1452
888
319
611
139
3409
9990
7977
3553
9865
8339
5433
4628
9482
8020
8384
4742
4066
5048
4799
8150
9045
7164
1455
5783
983
143
595
1148
4515
97
792
5568
5327
3238
4611
4752
2161
3207
2201
3783
90
119
4340
3007
9340
4720
675
3026
8786
5729
8877
3013
909
8329
8273
2915
5501
7035
7155
6757
2672
6721
6392
1216
1828
1450
3249
927
2209
1936
8399
9543
2298
8975
5956
3505
9942
1953
1107
3661
2416
8714
2398
8417
5781
5430
6054
934
5893
2941
7864
2036
9219
9010
4085
9956
180
4372
6614
7825
3209
4098
9196
9900
1900
4806
888
7909
4681
2543
127
9637
6297
5813
7824
2866
7058
3111
671
9149
7276
4612
6529
3527
2613
3189
2185
8282
7163
821
27
1069
5019
2621
4277
381
7766
2230
9294
4193
4952
9089
2138
836
6851
275
9139
4686
4092
6962
1503
3095
6629
8362
8121
5132
5370
4017
4724
7163
3357
8713
7255
5089
9821
2951
3914
8137
9655
5902
4725
4497
2892
7103
9651
4823
3639
7735
6322
5628
5552
2288
6219
957
1472
6644
3853
7346
8060
9166
6856
4080
2441
7263
6227
7982
6742
3062
4990
9611
8145
8340
457
5603
6628
641
9939
134
9913
9657
2302
6973
5299
5359
8049
2477
1052
7118
8774
8986
5802
6110
2755
7575
3008
1675
7239
8865
8969
5966
9524
702
7068
243
8332
1918
8017
440
4178
2072
5681
9288
2424
8134
753
7180
5559
377
19
4230
1856
1415
7254
1510
6017
4283
2867
346
3677
7723
3370
4722
5698
9434
8441
3317
98
947
2894
4553
9108
994
3255
99
6413
7762
3760
9744
4927
4274
4613
3278
8580
5277
6113
3094
2560
8480
5848
4562
5219
7771
2615
9946
1382
1119
9896
5596
1243
1277
3815
1484
1176
3102
5313
6738
2835
7344
3965
4791
4721
7092
1342
6985
6024
9721
5105
4048
6024
4120
1116
692
3559
299
9790
9820
158
6024
4612
9263
7333
3052
5300
5821
3189
3738
5454
8473
6060
7313
4680
5073
3168
3982
8165
4576
453
4130
2480
9896
5671
9377
4969
4889
610
2031
5524
2606
9846
9537
3749
976
2852
952
1577
6370
3465
3170
1254
5138
5726
5649
1251
8112
7938
3738
8173
3345
7407
2351
1006
7888
6787
3688
5150
284
9225
4977
7600
1648
3532
4834
1375
4683
2542
9673
6830
6794
7483
4887
9825
5587
8701
8980
1930
2455
8413
2708
5772
2730
4285
9423
9466
8882
3581
7290
7652
6686
6404
8788
3078
2889
3087
8043
1903
6953
5234
1902
7936
8745
2031
6387
5868
8634
3545
6191
1242
6441
463
1217
5363
883
5437
805
6647
1731
4586
3266
6025
2779
9008
5606
2917
4876
5201
5914
20
4794
191
8803
9717
7498
1862
2470
2232
6506
7477
4521
5856
9456
3725
2479
2526
3746
9750
4103
7838
167
558
2081
3182
818
1976
7419
9087
1275
9901
5980
3116
5972
5948
2985
2679
86
8838
1029
2972
785
5832
8172
2951
5693
1375
4013
7697
6620
737
3304
3824
2185
4879
8628
5707
3826
9034
5918
4195
5873
1580
9224
6222
1841
1642
3989
3257
5938
3584
1339
8901
860
4028
9409
1090
415
2403
1560
2356
8239
9123
5498
2378
1928
6455
1762
659
5293
5907
4844
3601
96
2521
5249
9435
2659
858
6264
6561
10
9637
4850
5652
4871
2028
2166
3585
8711
6393
5501
7704
7340
7935
109
2255
4074
5118
6351
4882
1372
6035
4848
36
3013
8926
9941
7854
5411
7962
9643
1618
8420
99
8479
4232
3158
1302
8147
4366
6758
794
9767
5845
1739
89
627
9691
718
9526
7807
6810
5575
8784
839
724
3849
9434
5633
4011
4134
6941
2326
9117
6585
6784
396
4078
4207
4291
5431
6355
5580
694
3261
3469
9899
8476
8829
7391
756
7561
9135
772
5976
162
1844
6999
6991
6154
3776
2801
2738
2740
6354
1655
9855
1869
8322
8613
3099
6369
9577
2329
7309
1102
3772
8035
5008
8554
1516
6026
1774
9234
466
3802
4899
6024
3353
6426
9504
8186
101
8914
328
5101
5590
6475
6647
2047
315
3307
2456
306
7225
8294
3941
1718
4390
6449
1542
3433
9735
8228
4430
2081
1107
4943
1123
7796
2180
7417
1134
7649
2286
6768
9025
4897
6200
720
4080
5174
8061
6230
5887
3233
2200
9351
8601
4208
2424
6248
4349
1463
510
5081
9337
9068
4076
7055
4578
678
3813
6355
6823
8202
124
2940
4292
2978
9624
9167
6108
9422
2670
1108
3939
6100
4115
8066
9300
1983
816
9281
210
6324
1071
5120
6451
8985
3142
1121
3538
4364
2268
7207
1714
6076
8186
1097
7751
1499
8062
4478
4161
4929
2960
2882
2541
5645
9477
5340
5193
2474
2057
7892
1921
9608
5582
5819
6956
9353
2372
3054
4324
6249
2443
3650
8667
3594
988
9428
2509
7766
2450
9942
271
7947
6254
5764
3951
8851
5290
3777
5342
1902
4606
3598
4857
5917
4369
7591
7644
1821
8168
3003
3495
7147
4972
3683
8261
5197
659
578
982
570
2937
4717
2713
7496
1666
3793
208
9915
5154
3555
9975
2561
1803
8277
6051
442
5650
279
7807
64
3806
7161
2551
9500
3575
6753
1312
5973
7105
4073
5210
9024
1866
1580
4140
4510
5899
3891
9072
9704
7875
793
4246
2588
3285
7841
5760
9053
9760
2150
8614
191
6483
2070
5129
8094
4917
3369
3874
2678
675
1261
9688
3903
9248
7162
2212
3492
1526
1421
2477
7724
8565
8419
4491
8240
8906
8426
1545
890
5886
1390
5002
3636
6852
1428
6697
3270
957
7223
4759
7265
7327
2734
6682
1484
749
4702
2737
6662
7791
8245
7477
6581
2244
9544
6993
8672
5145
5069
4834
3447
1288
99
58
2566
1066
5399
6753
6638
3805
9810
5536
2906
6295
8269
4054
9876
8158
9285
5302
608
3894
3278
9691
8940
9947
3328
9240
3206
4031
2890
2
163
3032
783
1904
7778
5320
2412
3527
9287
3072
7546
3049
2521
255
9251
5584
7869
2375
5587
1410
5435
4782
5543
9254
6994
7328
3347
3683
1113
4555
774
5940
509
2218
5350
3082
9099
2891
3476
1168
2503
5727
1387
4422
9801
7990
3610
3791
6260
8883
8120
5113
6418
9445
9733
9259
4423
5757
8467
3997
3885
6584
7555
127
2573
708
6604
2438
8288
3675
8982
9452
976
8448
8949
4573
2731
9557
3253
5257
1703
5729
3977
6148
8149
1702
4265
6710
859
5932
6209
3843
12
7279
693
5203
8153
354
2235
9507
4434
6236
8010
5973
8519
2475
9127
6218
9623
3951
3991
8449
3035
4003
8075
5571
1190
3492
1834
5966
8847
3978
8621
8123
2255
13
7461
8041
340
4729
1323
1401
1859
2340
136
842
6276
967
9213
2387
7634
9276
7976
4039
124
815
898
3892
1224
670
2474
4689
3308
49
645
6743
7424
5784
8621
1320
3609
3350
3319
2188
519
3999
9739
3883
3437
8852
4518
1428
3795
5403
8628
7731
5200
4776
8744
1710
703
1292
9112
2291
3504
9436
987
875
8652
7132
4610
7596
6408
8414
9552
4780
8900
3014
2810
4332
451
5183
485
4521
8533
9144
8071
5577
6696
3972
6466
2848
2999
6410
5627
882
7499
6166
5488
1709
169
4555
4220
5876
6239
4020
7212
5320
9422
3011
6254
3035
4737
7989
7318
5688
1704
1914
7061
1804
5587
6449
2718
9988
9055
3362
7401
8716
9123
9109
2989
1722
4583
5426
5780
688
7256
7902
5853
61
6340
3985
9697
7142
8901
1631
7090
4297
1107
9897
7419
9136
4223
3185
7701
2802
6536
1561
4384
6140
7433
581
3704
8430
2647
5407
837
3654
344
5653
6382
4757
6141
9343
9799
7307
1443
6655
3371
80
3521
6712
6964
1613
7674
3573
3403
8594
1479
791
6644
4038
8678
7445
87
655
5542
2367
339
7565
5713
7460
2555
6542
448
5440
7051
7385
9976
2142
3342
635
8222
8581
6942
9916
7560
3397
6344
5428
2440
1991
2427
4784
761
4716
202
7278
9648
2797
3314
2948
7981
7325
4969
8320
1417
3626
5092
6627
6935
568
2418
1443
3013
1994
1960
9190
8395
5312
2825
7766
7152
553
8710
5683
202
1666
3591
8503
3820
725
8054
7144
3767
4800
7560
5645
9639
4779
2505
4379
7790
5152
1362
8371
2746
3873
2417
9363
6423
1823
6663
4603
1666
2107
4264
4923
1601
427
9647
9615
9166
9135
5797
5876
1774
9211
6594
6110
4544
6357
7134
7282
1762
9712
5910
2687
350
4240
9433
7971
956
760
9447
101
2010
818
5205
19
9601
7091
8476
7241
1318
3881
6906
7324
5381
6388
2162
1229
7293
1927
2883
8965
5031
1018
8884
8565
358
1385
2285
5481
8209
3261
3270
6721
8334
170
3051
8761
3350
5318
4274
8107
5212
102
9555
8694
7727
7896
2175
824
6186
3215
9024
2241
6454
3646
4818
3102
4926
9526
8337
3107
7644
4247
5981
864
1562
6265
5283
2665
3465
2438
1190
304
2360
1139
904
5294
9302
2760
8856
9905
4560
4645
2009
3811
5773
7329
7072
8819
2365
8983
5470
3143
802
5405
8929
1001
2542
3608
8397
2914
1494
8053
1700
7038
626
9954
787
2104
8035
1693
7737
8062
1187
375
9768
1455
4334
6815
7451
8676
8163
8835
7016
1775
2643
660
7202
8309
3698
3398
3462
8809
1879
5144
7470
2901
6503
3041
7892
7849
1878
3829
9151
1343
3179
3846
8524
3733
8292
4217
8329
3581
8511
2096
9186
4408
5385
4158
2376
9805
3178
4324
4179
8717
6421
3669
2733
2621
9887
6843
8440
1571
3897
5949
2227
6644
1384
9815
2094
2179
4331
3868
7262
2401
6329
3372
1006
3490
4842
746
7755
3982
1505
5851
7433
3516
1240
6674
152
2327
1353
6674
7368
1702
9863
4206
1384
8589
8289
8904
3697
6002
7874
9674
4113
4469
9790
9031
6749
8829
9259
8944
6122
8945
729
4014
6355
2543
6238
8889
9191
3309
1931
8125
2014
7634
8332
8360
5324
8920
8419
4634
263
9279
3795
4966
666
4593
3348
9872
860
421
653
6432
9975
3042
6077
9708
5874
2042
7064
7836
6986
8275
5377
989
8292
3795
3239
8502
8529
8377
1238
2970
9236
658
9632
4857
2748
572
1261
6283
5395
3768
8649
8022
4275
8002
102
9477
777
6110
9576
7431
1710
113
2957
5671
9382
6218
8985
4285
5252
1085
6551
4361
7883
5548
1304
1095
4847
3198
3615
5917
9948
7702
6818
6137
1692
4567
9332
8811
6263
147
6804
4090
8446
3149
713
2109
6901
1615
8022
6651
6013
1439
2400
8281
5102
823
1316
9411
7234
8770
4856
3849
4086
4707
1518
3793
345
630
3426
7928
1002
6798
8410
5327
7555
6907
9245
1184
4597
8947
944
2058
6594
3488
5470
269
5722
2016
9480
9380
5577
4106
4806
5248
2279
3741
3227
77
4049
1868
6818
74
2690
4407
2656
863
5545
2373
5984
8643
4520
3500
9075
9213
9529
2820
3984
1474
7320
3014
6123
6770
3065
4045
2197
540
1329
5561
384
8122
5060
4877
2872
2308
6106
7958
864
6228
8438
748
9966
1509
5709
3456
9554
8297
8103
948
3109
689
9517
8262
7803
8398
5024
1466
691
3075
308
539
5725
5588
9314
2806
531
8796
3669
2527
4378
8862
7645
4711
9110
7000
5373
8961
2924
2695
2844
2190
2850
8899
5794
7454
5517
9479
6036
9790
7407
9293
2983
8992
5125
7641
4178
3493
3465
6601
8495
9225
4030
6722
8327
2180
9993
3944
2573
3704
3223
3222
516
3063
8455
6317
7791
2731
5420
3487
9563
7997
3947
1390
2752
3997
8929
2430
8688
99
1725
3973
9951
3651
2100
9384
271
2571
123
6697
4401
8984
567
4856
5615
4156
3317
1930
2118
8383
2033
4501
59
8127
9920
2484
73
6719
5797
9068
6299
4242
5891
1143
1717
6833
6779
1645
1257
5557
2717
1556
4666
286
6242
5963
4364
4525
4366
5535
9661
3041
3959
2062
7595
5300
8970
4281
2399
4230
9037
8105
124
1636
3724
3610
2337
8679
9134
9630
2925
2326
3976
5678
5070
6350
288
26
1202
8573
9980
2281
7387
4377
2095
8529
4975
216
7298
7242
6605
9833
5446
4515
680
218
9315
7935
8278
3924
2570
9392
9147
9345
2858
8492
8895
747
1592
9875
7787
5435
377
9714
2654
6300
343
8927
7354
4171
4689
3246
3924
5882
6644
3166
6133
790
4737
33
9488
575
4791
8019
6894
4618
3357
5620
7182
5946
469
4414
4479
861
520
7314
14
8653
8826
3305
4363
6566
8039
759
7375
9107
2917
6805
5042
151
4193
5959
7451
863
2265
7233
9608
6443
9275
5289
7414
9893
3758
7850
4345
1607
5517
8536
520
9413
9600
1586
4721
4914
7377
2500
1699
8435
9551
6532
1602
6732
668
5204
5742
4685
7189
9497
3067
4676
1501
7250
4694
5075
2404
1422
9646
2312
8518
5353
3535
9386
4863
925
3358
7352
4392
5604
5785
5311
5671
4780
3389
8729
5080
6484
3089
5552
6944
6619
3758
4488
7783
4191
5431
102
1545
7628
832
4889
1120
5298
1039
9402
7676
5556
1035
7651
3462
4292
7606
6523
5579
797
1604
4741
7929
6031
8924
9041
6069
853
9745
2627
5005
5655
3522
3770
3107
6957
8041
407
6264
1000
4432
18
5166
9154
6460
2725
5172
5034
1651
9521
2594
8618
3815
6903
3448
8384
1440
3737
713
8503
4035
6176
3963
4457
9029
1641
885
7112
5087
3473
3638
2230
3841
3711
4249
9681
910
2640
2344
4218
8852
244
5384
7548
9208
6518
6254
9681
8155
4682
5607
6028
454
3811
6637
5597
9363
5108
8133
4745
5958
9124
7575
440
9933
9576
9834
6742
5348
3124
8565
8310
9021
3437
6811
5141
6321
2199
496
3449
8957
9324
3519
8646
2008
9565
5972
7678
2967
2974
7652
9679
3807
2206
7454
5805
8214
525
5541
1441
43
580
9205
6529
5777
5475
5265
2673
3298
497
1510
8895
1671
5963
7224
1432
1758
9086
8150
6823
5498
5520
4380
1642
2450
9258
602
6762
5837
2980
6913
8731
6691
9590
4948
6005
3982
9688
8501
3129
625
9039
9963
1697
110
4695
3961
2931
6189
8396
7363
3087
8504
1078
475
9493
358
2902
7693
2053
914
9076
7128
2269
3029
2930
7818
9449
9669
4181
9979
1675
6379
2160
8509
7296
4632
865
2400
1253
1073
5151
3094
9377
611
5105
2910
2948
7152
8723
647
5266
4317
1355
5214
1771
9961
4076
9699
5319
2477
2154
7702
8637
3972
9042
937
6685
5200
1012
2104
2679
9846
2400
9889
2869
1203
1752
3552
6815
2593
4658
3035
1874
3986
9962
6758
2861
1171
2218
3365
483
578
4728
5553
4983
2393
4346
3823
4704
6935
1314
5490
2768
4474
4849
9631
8917
6601
7941
1757
7717
8083
2874
2973
8777
1737
2346
7123
9431
5246
9764
6006
5391
8115
6268
7133
299
8953
1347
676
826
8173
8538
2293
9956
8819
7613
6319
7479
8748
9933
9456
3321
656
4163
8529
6345
2568
5454
7158
8489
295
2355
5249
1733
5126
2199
2098
3268
4531
7568
8594
2450
1025
3486
6529
1661
4514
7485
3343
2023
6389
2401
8742
4071
9469
4815
5617
2957
6464
431
1411
7514
1065
1371
7687
2611
9984
9336
5000
4648
1313
2917
7410
695
4429
6943
5959
2889
9327
6687
3254
950
8755
5
1957
7410
4801
6012
8402
2042
2706
9814
8847
4311
8562
8946
9903
5206
4321
8702
6619
2752
3044
321
1347
8687
9711
8124
4051
7332
8034
9138
48
1509
1739
1461
4282
4514
9546
5710
2201
1620
6679
7231
6051
9364
2173
5470
1995
5936
464
850
7809
1424
7764
8858
3162
2350
8637
5621
4441
978
5784
9205
3934
6210
6585
6115
8825
9517
3204
3020
8877
6344
9171
9600
2952
688
4280
9605
3603
8132
1366
3685
5828
522
3058
9397
804
3700
3975
850
7899
8209
3973
2971
8613
1742
1063
3016
4208
1241
8380
5100
4748
2040
8191
1824
1028
1186
7383
792
2434
2197
3038
2792
3182
8890
3798
2727
6557
6634
2546
4000
1790
408
8609
1989
1052
388
3156
2484
4652
7426
9772
6531
980
2749
3265
3988
4020
8495
3717
4264
5285
8274
9479
4249
8959
9843
2385
197
8695
5222
785
2478
2037
7061
1184
9546
3762
3945
7238
189
2570
1455
5673
1212
6493
267
2250
1057
1150
7351
7371
8549
1571
1413
108
9957
2668
9141
1498
6847
5632
4498
2798
1857
7585
9361
2041
9419
9569
133
2757
3718
3654
1585
1958
6734
3356
6187
637
5074
2826
4431
8910
5489
9352
9238
9697
5458
577
5470
9335
7044
2571
3748
912
9324
7364
6312
6245
7136
8894
1517
5416
1648
4459
2674
8583
1273
4693
6440
3358
9858
8864
5715
2492
2740
3851
2108
802
258
4551
3419
7355
2619
654
2306
8741
9626
9748
3331
1951
3738
9524
6922
856
5122
2494
413
8574
2971
5079
8333
9095
8197
9191
6334
5485
8790
8489
5790
8694
653
3392
8960
529
3496
8616
7841
6736
3520
4525
3353
1273
2036
8892
5344
837
1915
8809
8050
9527
1822
3443
95
7082
1550
7067
2927
592
464
8404
6618
8792
5044
6671
7424
75
833
6929
7150
243
8716
7352
433
3653
5372
8847
2374
1919
3013
3085
5619
7600
4056
8466
2916
6417
2243
4790
8492
463
2935
6478
9165
6593
1765
1073
3984
8712
2654
4460
9450
62
3327
6725
5851
1733
8877
2936
9108
6645
1680
1219
1674
4005
9023
6486
5484
7865
8163
1917
9742
4820
2235
1862
6405
103
9406
9229
6627
8395
1984
7614
2165
5500
1818
3436
6717
9718
3235
6173
3566
7219
5033
5411
7510
4002
8581
1891
1034
8167
9962
5969
6958
74
262
1004
2381
4774
9628
1059
1641
566
7482
1991
9222
9931
3448
2540
7069
4254
938
7318
4604
1693
8113
6758
3896
8400
8977
28
6881
6843
746
5649
6338
1443
2293
1171
7371
928
2495
7604
1584
8893
6580
6532
1837
8852
3223
7816
1482
7787
5049
3651
8338
2646
458
334
303
7541
5234
2595
6468
5504
8279
6553
4859
7571
6992
6474
5552
3694
4289
7370
5770
4520
1113
170
1812
437
5338
8731
1169
4440
459
8249
7049
8364
5175
2783
6632
7801
8034
5547
3900
9653
9678
9383
7623
7652
8917
6400
5170
5437
7835
5163
3245
3804
5458
983
7318
8595
9129
9901
2587
8380
7650
9760
611
6525
513
2407
7442
584
3106
9497
991
2996
8609
660
7712
1042
3538
6827
1201
692
5322
3424
8264
8565
7165
7840
1196
8531
7519
3055
8534
4683
8952
4678
397
378
3935
1749
8679
3811
3106
2611
6803
4247
4985
5940
8547
9383
4737
3558
520
3594
3629
6073
8271
8828
95
4555
1739
4794
7960
1499
1762
2712
7305
2121
5701
7425
8687
2688
6905
5920
2008
6012
9684
6433
7165
5518
8734
1221
4825
8344
9567
7808
2142
4843
4377
8067
52
6538
5988
1842
5890
7077
1072
1976
7516
1101
2650
604
2877
4021
1027
2357
1982
1683
1815
8704
6648
2653
9422
9124
7046
7405
4514
8964
3079
8118
4341
948
2921
9941
5520
7093
672
9636
9924
506
22
307
5624
1972
1041
1553
6523
4571
2783
2860
6245
638
5273
4270
4155
9302
594
2464
3927
9588
4314
2273
8044
3575
5298
3313
4745
6485
4044
8987
7535
5722
7148
373
1170
8879
8217
686
2172
1508
3635
6939
6437
9045
4916
4180
1226
3727
8114
4264
3937
6532
4694
5507
5471
6236
7630
1747
1687
2530
1068
9368
2488
7802
1865
8659
4417
2661
6521
1507
9284
3605
7615
876
8305
7280
9686
8790
8530
4751
5720
8597
5901
906
1868
4188
7188
8641
9847
3532
1285
4874
3575
6407
8829
5551
9053
6522
7994
9812
4213
6371
3427
9284
8539
9081
4757
7042
622
5316
920
2225
5499
4832
6572
510
2604
1687
7321
7671
9496
9305
1178
3350
6113
6586
4677
4772
9261
9095
3446
5672
7275
9996
8654
3947
345
3827
2737
2687
2894
2497
55
3120
524
6933
765
4767
5613
9713
9035
7623
2378
3698
9998
3536
4394
9204
3323
9131
4963
7561
5145
602
3478
2047
4236
1469
8981
8145
2763
8031
5493
3807
6760
3641
2361
6995
6519
2152
6871
2157
2511
2949
5681
9490
8162
4813
6242
839
6838
3532
9321
3926
6716
8676
8959
2223
3885
8193
6783
1225
971
5659
3436
3167
5875
3855
1082
1257
2769
127
7444
1425
5425
3507
3616
4258
1159
920
5040
2309
2170
9981
7443
8300
9944
8850
7291
7847
7486
9424
9370
6317
3655
8729
2460
3160
3610
4801
7773
8640
9504
7567
3805
7280
5930
2297
5551
9526
5347
3012
5676
8139
9754
5956
144
8666
6192
8654
1056
3955
5326
8422
5020
1134
4307
5281
6217
5743
7398
8115
9543
1761
443
9700
661
8176
8128
5712
6646
2417
6239
5215
2993
8520
4611
5280
206
3160
321
368
5915
5879
4820
7899
6556
745
3158
5040
5976
5458
8250
8146
7035
467
8191
5530
6272
5096
53
6281
987
9803
9295
2684
2734
3776
9954
1485
1135
4844
7103
9705
7183
4340
9741
4009
5737
2986
9223
8730
2816
5148
5608
6578
4436
7856
1913
7775
277
7896
4149
7909
7223
4954
3217
2158
4988
1322
3291
3685
8426
8984
134
6995
8901
3034
1948
2846
136
6351
4837
9872
2325
4169
4697
9547
1985
8802
7496
5295
4011
4133
249
3626
6698
6689
5735
5019
143
5132
5029
4942
3317
2820
3256
863
5407
8719
5616
9436
2526
396
2696
9097
1798
9101
6378
7260
986
984
215
8025
3332
413
1051
5827
4088
1027
1898
2848
7325
7696
9574
3138
9052
7849
4472
4411
5409
3803
3962
9232
2769
8641
5403
948
9934
6963
9507
6115
1313
8408
9900
4407
3941
6221
98
9021
533
5339
4870
5478
5353
4489
8940
4343
9640
4593
2355
3903
8556
1435
8474
2106
2194
3969
7504
3190
9031
926
5782
3321
1424
7434
8602
1321
9206
263
2258
5071
9276
4994
9217
1557
6182
931
8850
8684
1115
9881
4975
9943
4514
3088
644
8849
489
6525
32
8617
9688
8523
7099
4015
870
5299
760
6517
480
9302
6700
938
3794
2513
6698
1600
850
1848
7336
8713
5297
6618
1305
1160
4532
8651
6189
156
5080
4117
7546
9354
7996
2365
5406
883
5304
1148
5862
3545
9930
9500
2373
8930
8434
9219
4559
3547
7929
3439
5851
279
6048
6065
5145
385
5522
9014
1785
8129
3018
5119
7675
3670
5240
3354
5056
6277
3988
9553
3621
9191
5853
248
5986
9439
1548
9385
6318
820
4466
7736
2863
5894
8035
2614
1530
3337
6624
1157
4294
267
5366
3869
3154
5279
96
6393
7662
6837
9809
6542
1628
3402
502
513
2487
6193
1127
6888
5066
2877
9438
9567
9965
604
7990
1060
5655
9804
8283
5740
2492
5958
4078
8568
6370
5150
3327
8601
9448
609
1783
8123
5531
1724
406
7667
8038
3993
2939
4355
9246
8275
9693
6020
476
359
8469
6380
4282
7321
3818
7187
1298
5479
1390
1684
6400
5813
4977
26
1103
6663
69
1310
1690
231
9193
8834
5497
8960
1157
4819
953
220
8399
8406
545
2880
4108
6008
9665
7357
3499
6276
8503
1484
1701
2851
8555
8165
4076
6857
135
7212
3475
7649
2351
2954
2916
4719
2393
1283
1502
5864
6723
4625
5995
6721
2753
1028
391
4607
5957
3993
1113
5227
3997
3002
5958
4266
6416
776
831
7138
5728
2233
9472
9242
3309
1820
7868
5954
1411
455
6871
6278
821
670
3630
6609
2221
8675
4901
1349
8134
5103
3042
5290
1499
1931
8544
8595
6380
1700
1326
8978
6088
6587
6697
7273
4071
9073
909
1928
3361
3026
5476
5204
1035
3856
9121
8825
5209
9074
1086
9688
3405
6040
9831
6833
2785
2029
6659
9370
4700
2774
4716
1270
8303
9634
9973
3035
529
2217
2289
2134
2666
2838
1476
3788
6965
1562
5390
1199
219
5723
4517
9634
5132
5813
264
1927
4416
414
2204
3891
7022
6431
2930
6896
695
7354
7808
1451
118
1438
968
9996
5335
3778
8114
9332
818
1101
1418
3097
1603
5740
1645
2532
9243
5772
7932
9438
6968
1550
6172
8624
433
5005
2863
8447
7670
6970
2413
7104
9488
9543
2438
9217
9440
5017
3349
1944
692
277
5690
2384
5664
5730
1065
8335
3151
785
308
2614
6759
3749
5525
7103
7994
2536
1076
6429
7076
4060
2206
2761
4669
4386
9046
2610
8102
8753
7996
3684
6374
445
2142
4890
9259
152
7274
5379
7168
2926
322
9169
78
8160
2585
332
5789
9079
992
9984
56
2183
6826
398
3734
3804
2818
3441
4962
460
6353
222
7628
2061
8609
6369
901
2191
6928
2660
8421
7653
425
3878
9913
267
6913
9682
2459
7508
2595
94
3398
4992
4639
4724
1969
3046
780
9263
2162
1630
9343
4983
4986
2745
7771
6963
4369
7128
7607
4609
7268
2490
9170
3657
5181
3879
9701
2293
1248
2826
4624
5303
4392
860
2753
9209
9535
4706
2777
8254
826
5013
145
5797
3037
7833
603
8166
4803
8203
9071
8365
6218
8206
280
5156
2456
7626
650
8976
4542
3968
9274
9923
8182
9993
9521
4608
1637
1152
1802
8058
4033
2368
2330
4055
6223
3436
2320
2287
7313
4993
7023
3555
1339
2503
4220
4848
195
3955
7358
4611
909
8111
9392
4748
7621
4050
9556
9985
1189
9462
6812
7121
2302
4703
494
6351
7126
1997
822
4412
8083
4274
9362
4565
6181
6193
2270
1610
5470
621
7205
1048
4644
7477
8172
269
5621
8268
1240
6244
3981
8852
8054
8528
1567
5021
3395
8641
7261
347
7647
6865
7969
3393
4953
5318
8190
1880
3100
1820
3196
4684
1734
2507
7804
8643
1355
2388
12
6072
6730
2146
6343
609
4884
6341
3654
3560
9587
2887
365
260
1415
6176
8609
6137
4876
6547
7623
5142
1835
6936
7858
9002
3544
3481
4754
4348
1926
627
889
6203
4474
2842
5312
525
6095
4441
9263
5544
5555
6210
8190
1512
3775
2538
1023
1102
6195
5575
8964
8213
1638
3592
7739
1222
5665
9134
9206
7794
7310
8842
472
2331
4214
892
1300
3822
2733
7859
3444
1422
6349
2541
8793
7438
7852
1774
6716
2562
8212
8584
4840
6166
7770
6179
1652
5280
3450
8199
3760
9459
9069
8438
5454
5176
4501
9796
3255
2591
3423
6619
3577
9613
8718
6769
7328
2986
9195
9799
1285
3840
1229
5397
2441
5592
4174
1938
8163
5391
8954
8385
1946
6402
5103
4080
1859
7127
2703
17
6333
5720
2188
2075
9851
1752
6748
1395
9336
5274
9227
9581
517
3172
7805
6747
2430
5782
2537
8545
7325
2546
7826
4271
2763
4067
4341
1907
2393
9364
7514
7504
2059
1325
8775
5748
8239
431
9993
5679
6535
6651
1185
608
9000
2083
6522
4058
361
2412
3870
4199
4905
3501
8685
7711
7723
593
3944
243
6296
1472
3965
4723
998
1685
1478
663
5980
9449
4113
7291
5114
246
8577
846
1218
6251
8238
1715
598
3720
2577
212
9110
2278
5014
731
388
3618
9000
2813
1699
3565
932
4175
7916
669
2453
5189
9559
6547
4006
6463
6522
8033
6120
1204
5161
8877
4851
1847
2728
9190
3027
6094
9817
4153
9537
930
8417
9587
4720
4453
478
899
1148
4430
9449
3671
5548
9376
5179
8660
9444
2640
759
1382
3194
2498
8426
6557
555
1592
477
734
8626
7144
303
2156
1107
9384
8100
5560
1137
9324
5602
1000
3712
8644
4267
41
6623
3793
1746
9660
3209
3625
2168
4117
9785
4914
6820
7648
5604
2883
3127
6373
3393
4536
1473
6060
4092
1040
1404
3514
303
1625
991
3276
9096
5592
5743
8016
6371
864
6345
595
1725
7236
7724
8072
4934
9967
5467
3139
2570
4714
9432
6419
6025
7906
8585
3876
258
7623
5511
7156
5986
8806
3871
1137
6662
3185
7117
2153
5640
8711
2217
2440
8195
5454
7828
1151
7685
4970
2404
17
5103
7925
4034
2155
6477
442
483
5852
3154
3032
4863
1225
5867
7280
9623
6617
4662
4505
9162
3259
3258
7485
9240
1336
8236
1072
9596
7881
532
9990
4695
7142
9188
2468
6379
7020
5029
6471
1326
959
4996
1241
5697
3299
6238
638
9137
7491
2755
6322
349
823
6352
8210
6908
6337
8011
6846
2649
2469
5363
7317
7023
3610
6909
7188
2132
286
3862
1546
4810
5894
6054
6701
3094
8105
9199
358
8671
6896
7015
124
9517
7947
3172
4116
9806
9652
4867
7146
7409
4359
1914
3425
2805
9627
2707
2098
7094
3245
1128
5035
904
6566
6536
7240
510
4320
2354
9024
2198
5447
7439
5641
1035
8782
8415
4481
5592
9392
468
2108
5882
6293
8708
3431
7786
9875
2139
3151
3618
7885
7520
5210
5074
2097
970
9462
1827
3884
1011
6031
6262
5860
7960
6871
2468
8451
1042
967
5473
4810
6429
4279
4956
4859
6510
8065
6147
9380
3138
9521
9525
8078
5351
6831
15
1310
5093
6648
5888
3801
2876
5805
7334
68
8952
605
4746
5491
4606
6457
7186
4050
2454
7776
2190
3554
4268
3127
9110
1887
9776
3373
9521
3255
119
1240
9874
1728
5233
9159
3538
452
5253
8512
1660
8841
2245
7453
4829
6776
71
6393
474
4388
6967
9925
4104
8341
7566
1452
6038
723
8516
2141
9110
4593
4584
8941
6984
1067
195
7331
7169
6394
4739
3272
7620
3906
8631
5366
871
4954
1136
2618
5066
4976
249
5424
6969
5702
9565
7372
8038
2169
6982
3304
1013
3692
5338
4695
1091
1227
5644
6879
2757
9671
9424
3873
579
2566
7877
5668
9888
8376
2055
9708
1155
2088
72
2984
101
3195
4456
3683
4071
1329
5209
1658
4081
3763
1879
5106
1080
4791
993
6799
4405
5622
3587
6979
239
4818
1229
1574
7922
3529
7961
3813
2379
6863
9835
4482
1652
2514
3404
1100
9546
499
9411
9096
4717
3301
8182
8704
9208
4015
8785
9765
1383
1186
4890
2852
497
2973
6431
9223
2712
9966
7689
3994
1293
5549
9195
6613
6896
5043
2996
229
7432
34
8235
6881
784
2276
6771
8540
7828
2325
6578
5029
7671
1705
4081
8554
1792
3775
5224
1195
8854
7740
9096
6062
7355
2248
7208
5039
9026
9913
6188
6023
1858
1723
1523
420
8028
806
5292
7271
8620
8309
1330
3826
3997
237
7187
3670
5967
3021
3366
2544
5468
7332
6884
8917
7401
4158
7959
1041
2443
4560
5754
4746
4213
4650
1572
6543
8987
345
5584
4746
4319
2214
6287
7270
2381
9360
215
8512
3613
2679
3133
9318
6369
2088
2925
3379
8622
9321
8695
667
8545
7778
231
3441
1757
3570
6893
3275
4416
7362
5255
8096
2945
4936
361
6754
3174
5475
6343
4840
3932
506
8335
9588
2727
3147
9079
3537
4047
6863
468
6382
4021
5280
2366
1886
8720
9774
8471
2112
7195
9522
1750
4322
4528
9517
21
6855
4599
5621
5626
9069
7081
2171
1824
6971
8236
6871
2518
577
516
9740
1260
1222
1640
7753
66
7060
9903
4462
8525
2799
8747
4371
8924
5381
339
5140
3675
731
4794
6772
7186
7984
9033
5869
5500
6657
6781
4781
3549
9124
9163
9984
1625
5443
3543
1415
9844
108
6787
4606
1768
603
7959
511
6116
5777
4618
3621
8556
8020
6351
7651
3911
6952
8929
9446
2828
3934
2601
5985
5937
6081
8392
6444
2821
5668
7033
1067
2765
5800
6135
1328
9166
6087
2590
1290
9721
2646
8805
8402
104
5245
3357
3033
9654
638
8928
11
3842
5211
2957
2114
9725
1965
9358
5031
7443
6541
2868
5660
2894
4497
1093
758
4198
7390
3194
977
7262
8345
8263
6049
3855
8711
938
551
8931
6214
6564
6063
2655
1547
3297
4748
6557
4746
3942
1464
2562
4879
6049
6339
8245
6610
4795
7415
1616
4998
9532
3448
3959
5541
1511
244
9821
9905
7294
8
9114
9073
9599
2105
7472
4677
4925
5351
7500
6183
5232
6510
5354
6315
9114
7012
4224
9567
6468
67
8706
9022
9488
3364
1808
4795
1950
8279
9379
3397
8248
5176
5132
1044
3373
5763
3100
5530
5161
7703
3369
664
501
3735
1243
4458
7927
7395
9582
7277
33
104
9044
8971
487
9855
1147
4656
2096
50
4655
7245
4280
8109
6668
1102
664
7409
5951
5265
13
2830
7545
6543
6686
9739
4526
2535
9972
8579
4857
2084
5209
2407
8761
6030
3412
2701
4731
4244
301
9552
404
5886
71
5946
7854
8583
4036
2275
1561
8788
9341
6436
1301
9978
8364
6909
1515
7548
5138
1079
3326
9243
1120
8717
5297
7835
9016
1015
4305
8338
9988
8873
8403
5545
6545
218
9471
8895
696
5078
4593
780
4521
8837
1620
1269
8236
8658
6171
6918
9018
5395
4447
3870
2393
3503
8666
5745
6840
4421
9674
4969
1377
4686
4328
2132
5408
8656
3643
1732
9843
7132
1350
4226
8614
7389
1523
3696
99
7171
8234
7643
8691
5065
9810
415
7766
2333
5213
4623
6630
6741
278
5500
5713
7248
7144
1640
6189
9498
1038
1788
2528
5976
4784
1434
9030
1421
2887
4856
4327
3646
3863
7941
1022
2228
1586
4619
1187
2743
3874
5107
2253
2170
9262
7222
1997
1889
988
3052
5784
8295
564
1968
4002
7483
2005
7565
2696
9668
1767
502
5853
1044
8767
1403
3448
5672
3468
7979
5425
7602
4936
8386
8111
3964
48
8435
6210
3008
9551
3734
494
7214
1563
9101
8571
490
4292
6656
3718
201
6222
881
4642
9328
3845
3648
7268
1398
4123
4710
8164
989
1297
3478
8058
5619
5410
6040
3047
569
2968
7338
565
6851
8514
2155
6952
3906
9602
148
3553
2859
6633
9569
8674
3210
3313
1465
3437
5672
3139
1210
613
6554
2225
7001
6817
4550
9045
5626
141
9092
7201
4207
7233
534
8225
2947
6123
6341
7580
7910
3670
4182
8529
4815
9418
2393
5346
4471
857
585
9470
8019
8610
8393
9620
5455
3896
8277
9642
4057
4794
9149
5918
4268
2263
1130
9534
9357
1679
8218
7069
1761
718
4840
7906
3371
9815
4316
5208
9255
7165
2108
2386
4285
6220
4412
6770
9989
2
3106
7459
4563
3205
1360
4889
2437
9988
352
5504
1043
2684
6397
6119
1501
4191
9568
9051
6837
4754
9400
890
6035
2028
646
4919
4729
1843
2204
9615
3683
5958
5306
3395
4321
2197
2881
8860
6518
1854
564
8122
7651
9024
1292
4498
3435
6596
9594
4865
496
4052
8789
1243
7801
2929
4101
9810
9100
6817
7408
502
1322
4122
4798
557
4551
3450
6405
944
7604
3459
9092
5494
9528
1265
6487
8699
1395
6118
7573
9684
4649
7931
4597
6611
1974
3465
3422
7954
4147
6522
4587
4450
1668
2296
1331
8339
3100
223
1652
4504
2977
4091
5025
1545
937
2999
863
9455
268
1786
5018
4600
8458
4995
2649
1972
4547
4130
668
9354
8075
3978
590
7907
2241
151
3164
8989
9527
6587
9366
7536
1507
8776
8527
8213
5769
5705
3210
1743
2024
1137
2232
5286
6281
2715
7730
2565
6743
5612
9556
6560
7513
5958
429
7
6587
8135
8251
6686
2698
9154
7805
9558
1556
2812
2639
151
5755
6097
9349
7298
4233
385
740
2318
6511
399
1322
2029
4162
4582
8529
624
6974
1583
5641
6336
4062
8894
7920
9107
868
1301
1740
991
1374
8815
7588
1918
1179
5980
1751
9619
1102
7087
8218
3994
2912
4677
1855
3039
8432
1984
6301
9540
816
3431
5158
5187
2102
1185
3056
1503
4271
9904
3945
5044
2004
6256
7594
7683
4092
4605
1656
1483
6990
5306
5929
1661
8460
7477
7449
438
1357
3830
9924
9198
7710
1136
8683
6322
997
6295
2780
3271
206
4562
9194
2103
2679
3506
176
3417
4024
3519
3692
4952
2440
3281
8651
7534
1677
6504
1154
6871
1574
4483
5336
6825
7600
7498
2551
2229
1173
6955
5635
7025
630
9329
754
6609
8721
2375
7959
1591
6198
3920
2993
3882
2700
3588
7110
5019
5473
8216
8702
923
3694
2458
423
6938
1165
7077
8100
1887
2959
8757
3264
168
2240
6941
9378
6449
1947
5150
2978
8378
2242
6512
4823
8937
8753
5812
2911
1534
8481
3306
8744
7754
9962
8705
575
9788
1785
7308
2546
7020
8869
4067
6592
8966
9064
5542
4803
4836
3564
4144
3491
3344
3401
3856
6687
5093
838
1709
5971
3836
8895
4682
5597
2228
4399
7405
6740
2305
9998
2093
2342
860
8376
8446
4511
5120
7548
7919
9739
4697
9574
3728
3277
1648
6250
5225
2958
1652
4478
2872
4450
5837
811
7939
4489
4555
9460
9257
5983
1552
472
7915
9057
9406
5184
9563
5057
4835
4146
3224
6366
5558
8668
4878
3450
8741
911
3958
1991
4750
9003
899
7182
8930
3061
4342
9302
8420
5177
7274
4543
667
1457
2431
7740
5185
7007
8612
9095
397
5402
1204
5329
2923
2634
2214
6762
7559
1760
7313
5745
2369
8580
58
8608
4811
552
6305
2816
1623
816
5068
3387
7311
6760
5587
7788
3508
7843
4224
6498
4242
546
8934
7230
168
9253
3541
4412
8226
642
8819
1901
1842
5734
2452
6205
800
8105
5368
9454
9210
9021
7646
6270
4616
195
3211
6320
1236
2751
8892
4831
5531
6577
39
6624
2919
7697
1890
5348
246
2587
3132
8480
9869
7373
5687
420
7666
6793
2676
525
9107
2472
4699
288
4634
2557
3124
4041
8032
5124
7878
532
9219
5848
6427
8511
5939
6437
60
8079
7202
4019
3387
964
5020
3318
3038
7103
9943
2778
1956
1970
259
3028
6394
8938
4280
1079
3739
3615
128
6463
633
2594
7629
6163
2515
7331
2510
3635
7656
4979
3955
3469
1051
1916
2751
7324
6111
2434
8762
8646
4998
4603
3261
3381
1662
7673
3782
1395
5165
531
6581
8659
4713
8744
4525
3357
1961
8460
6325
52
635
9094
6339
4791
8279
3095
2910
608
16
358
7163
7253
9632
6860
3494
1206
8992
1959
7631
2004
2815
6476
8032
8761
2196
4128
1683
6384
6888
2203
5864
4440
3343
3449
3358
2872
2765
80
9748
7872
1026
2518
7924
8055
208
36
6762
5814
9724
7830
8021
1235
3504
5199
7970
6256
8593
2491
7964
4912
9614
285
1284
1451
3057
2853
1887
1846
5095
9387
4429
5832
6747
682
3883
5947
573
6036
7422
7295
3833
4949
804
6706
4055
885
6485
2843
4272
9859
885
9403
6884
4850
3803
2032
7026
8209
3865
5807
8606
8085
37
4237
8785
1678
756
2607
9547
7618
9022
8178
8227
2158
3931
7290
2401
9022
6535
4708
8366
720
692
3705
6594
9954
7583
6327
2013
3316
5994
2021
1730
5921
9093
9403
7907
4825
2463
325
8909
1132
7436
7572
7535
5543
8404
7575
1193
9770
2702
7299
5195
6708
6936
138
7021
5555
4119
9077
6336
4181
1936
6640
2858
9937
3554
232
1714
1866
8949
8348
3869
1770
6499
7824
7397
8981
1720
4829
3896
3830
2452
2604
3179
7780
7536
7085
8551
4014
9117
7520
4407
821
7012
2914
7685
1586
7333
6740
4798
9396
6506
1716
6046
1308
6137
3666
258
7207
3822
8464
3400
813
9892
8922
6254
5903
363
9075
7911
9082
1886
1793
3774
1572
5395
1906
9069
6356
1303
1080
1418
3796
596
2597
8954
8348
3008
3863
3656
1360
5541
1995
3118
112
2039
3144
7790
1231
7302
9375
4892
7401
7216
7831
4664
9896
9813
5700
9382
5884
807
1070
660
8666
1173
4127
5972
1067
3636
5370
1015
7049
9546
7505
595
4267
7568
5522
7004
792
829
5077
1581
2492
9769
2768
2021
3685
3740
3121
5362
2581
5670
6219
4102
4754
505
6751
826
2457
40
9977
4936
4905
3795
2612
3603
4836
8079
6950
7880
9662
3086
4685
4090
1252
959
2837
48
7072
6100
7940
5472
6745
2709
6249
5985
2388
3497
7054
569
8070
7875
3458
2985
3635
7475
9922
8756
765
1857
8736
581
4654
7446
8203
6781
2951
8340
3769
9251
4732
8459
9595
9748
6187
739
2123
5875
6410
513
9104
1057
6263
7065
7228
5990
5587
9454
9003
2602
9256
127
4879
5368
498
2593
9722
9000
720
7488
3699
5975
8694
4722
6396
2154
8342
8087
9569
3831
3606
2695
8291
4930
941
4936
2489
8825
4797
9228
840
5234
9136
5819
6844
9013
8516
9087
2512
4299
5549
6389
8558
4447
7645
3337
1244
5439
4895
2599
5108
8069
2635
9793
7660
2087
6804
1853
6880
3706
7553
366
4801
6393
6726
4823
837
3718
7815
8443
6605
2170
2782
2321
9979
1320
8736
1983
9841
8483
8899
4151
4574
5130
6467
478
6751
2668
7087
9352
3627
5981
5447
6460
8100
4067
4212
9753
7579
8531
8960
4699
8884
2270
1108
1239
5699
2708
1891
4775
1403
6160
4388
9659
4147
2545
7308
5172
2939
2532
3807
780
3199
2419
936
9570
7759
5599
512
6205
4587
3258
156
8488
5674
1153
4057
9661
2451
3735
6612
1956
1873
1683
8507
588
3871
4004
4037
1366
5269
1232
506
4424
7450
2005
5394
1173
5071
1288
4647
1515
941
4885
5936
3614
7826
1494
3994
9053
1376
567
1284
2098
9636
1463
6119
2962
3684
7014
2132
1442
796
2498
7496
9148
6276
9225
9671
5609
2564
495
1608
6022
4567
6488
8336
6121
8307
3820
8614
2711
5912
4959
4986
6797
3729
2460
6935
9873
1941
3077
6108
2998
3421
7213
9602
2528
6763
9862
7149
6030
3463
242
726
6826
2007
8654
579
5865
2288
741
9934
5151
2203
1297
1795
7870
4554
2037
5125
6494
6443
343
4444
1670
5231
8893
6407
1488
4835
9288
9300
2843
3651
6322
6543
4047
699
3394
3259
590
9730
3673
5788
3988
1994
6133
7591
7055
7093
314
1444
7583
7956
8787
7017
6450
334
1664
4995
5432
9410
3248
3742
4664
6138
6896
2177
9587
3747
560
3019
2496
475
2072
3822
4324
8036
231
9367
8204
6620
5022
7843
7499
6243
7868
5031
7514
1201
742
5198
1881
9045
1159
4794
1759
8014
8601
5197
8387
7202
6761
3733
7312
1829
5157
7989
5632
1982
3107
7034
1985
6914
8854
4596
2708
8586
6698
3452
6541
7500
5408
7336
4607
1089
1897
6534
1994
9923
5152
5985
2189
9834
6779
191
5873
8657
6144
7538
1140
4788
69
7727
3077
969
9322
9916
6793
811
6708
5938
9534
7435
4493
2465
4266
3333
2087
8358
9285
8018
8444
8612
5797
5407
7485
4276
8184
5964
8971
8516
9719
9618
1759
2614
9865
4214
1108
2072
7965
815
6814
2270
2147
1585
4351
5118
1537
8160
6897
3031
4538
8426
2159
4204
5831
7457
4254
3651
0
3986
7527
7756
263
7238
6193
6199
6640
216
917
4011
9072
4591
1081
8285
7503
9242
9339
8552
2752
9197
3327
7249
9104
4212
7867
6809
1994
6565
9884
2934
1893
5779
7383
9373
8577
3921
3303
8132
8299
8903
4834
478
109
4752
8890
8306
6518
7246
4796
2489
8035
463
6002
4692
721
4842
3629
1769
826
134
6009
7387
829
7304
17
3759
6761
1846
1977
7515
7535
7269
8174
7631
3228
1560
7607
75
723
1327
2522
3364
1935
8021
5460
1583
1964
8143
5103
6591
1967
4664
7015
9091
4236
18
9543
9075
5095
1997
9603
9705
4540
2592
7837
5164
247
6446
7746
2186
7586
9940
8754
7064
6557
4127
8945
4744
1192
4771
9144
4310
6916
525
6458
5633
6576
5959
1943
5249
6423
9565
4104
5628
9200
8143
7162
923
2660
8041
632
4012
8334
604
4649
4179
7204
3882
3697
2153
5993
5167
9912
9364
291
9237
5980
1282
8422
5336
6791
465
3037
1848
8486
3577
5795
1402
3279
8030
4147
695
8576
8142
8278
8739
9258
7739
507
4381
2747
5998
9133
9026
7472
5962
3587
3242
6722
678
8026
6615
1486
162
6066
8653
7874
3525
190
4770
6963
4496
5586
5511
7531
5308
9629
9005
5007
3463
5060
6366
3200
8238
7006
7259
8898
8949
1439
8180
3244
5006
5394
9110
7976
8525
7354
5191
9054
3931
9540
8780
4988
5345
2558
3861
2266
1821
6829
9140
5674
2501
4557
8371
7035
8655
576
6452
1878
7181
378
7664
9937
682
8855
8067
1989
2480
3852
7485
2518
1041
4483
7814
4983
7230
5359
3418
4026
9498
4364
6297
6869
6680
3424
3380
4388
5415
8827
5832
816
9389
94
559
9945
536
4136
2254
4761
8189
4496
265
6997
703
3836
8312
2780
5555
1513
6680
702
8099
7096
5881
9013
6243
4957
7970
9349
8123
4711
6731
5438
2552
7194
751
6572
7489
5934
4050
7266
42
9599
7369
6511
2667
1795
9484
2270
4090
775
1993
9495
254
3074
2890
2814
103
1952
3966
8252
3376
3592
4544
1891
2765
1463
9427
7207
736
1988
2030
6943
2155
2727
4646
9904
7396
7633
6530
7760
7096
2648
7078
2085
8896
8868
5750
7247
8575
9846
2590
461
2827
4200
3198
6351
8606
4622
9850
9734
4433
9649
6055
6923
2359
5092
5353
2887
5368
7894
6344
8820
3938
6388
5058
2290
7194
7382
2653
34
8631
2346
1110
1667
3735
2068
2112
1125
7009
1588
4632
1452
8870
4957
4859
7760
8698
2432
8058
2578
8887
1093
5732
7642
6208
3515
2980
6241
983
8181
398
618
1637
9566
1994
9679
2025
5490
5657
3251
1629
4237
5514
488
4160
4207
6138
1660
8423
4399
7041
4544
6390
4910
2124
8893
7344
2822
2845
5042
3698
313
5725
5647
3599
8665
4556
2708
7844
3961
5125
5610
3716
7660
5636
9714
6416
8029
9137
9206
9483
6438
5190
2344
9247
5892
6788
2062
4748
7888
5126
9938
3800
7629
9155
6951
7911
6976
9112
167
3616
9127
3186
519
5478
8923
4314
3165
6434
7954
9738
8591
4523
4179
9405
9565
1077
1647
540
6324
4404
7084
4803
9980
4717
6607
1327
2015
591
7643
3622
5956
4603
8232
856
5844
5956
8329
4318
4950
876
5486
8047
7343
7376
317
8500
4368
9547
5542
1959
7885
8000
6083
9880
2193
7265
6675
1837
6967
8034
7759
2849
4255
1956
65
6955
3596
9389
3176
1646
675
5950
3681
8483
6556
2056
3999
3598
6526
683
3900
8098
9839
2545
2874
2415
4239
4589
3031
575
2048
7250
8997
6
7814
8277
3407
74
1041
6086
4019
7797
1353
3593
1212
2367
7614
4256
2707
1037
6965
5674
5697
7701
4521
2489
5266
2045
9587
9587
1967
1563
9597
8610
743
903
8748
5669
7980
3037
4297
5793
3425
4551
9822
150
8944
3007
1428
5339
6643
7765
9807
180
4761
6911
8362
4342
901
2008
5176
4849
8691
9293
4524
1094
5738
603
1822
6301
7892
9860
4443
3564
7239
1238
9663
7560
9008
3288
155
8832
5617
9247
6911
6141
4468
7486
9238
3794
9766
7674
1580
5081
7649
7566
7292
26
8205
2570
246
5459
7584
5221
6121
8129
8339
4520
6613
7032
6371
5760
1432
9421
8427
9857
4910
6078
4938
7511
6331
5331
9195
7564
5678
2043
5346
826
9396
7327
4489
318
3965
7102
282
6414
8636
2761
2897
663
2483
5233
2909
5224
5105
4449
4747
5787
4758
9904
2735
4610
2474
4358
1388
6883
5818
1977
5671
8004
1338
4257
6189
1564
450
1923
8937
7822
9565
8652
9141
313
1573
2964
3978
3822
2455
7900
9510
441
3767
4230
3062
1660
9010
1818
3416
3537
9481
5540
7718
8851
3109
6654
5793
4875
7987
7902
9678
7871
857
773
8612
5770
9589
6344
7488
8624
7925
6905
9793
2339
147
4169
4460
5005
3146
1306
9729
6664
3451
234
6107
2777
7165
2685
4816
8824
1475
3364
7756
8498
7437
6250
9923
768
5057
495
5477
1716
3355
728
4205
5516
52
7648
6003
5165
7803
8695
7170
7659
